   20 V= 2 J= 2  0  2                       1292.81387
   55 V= 2 J= 3  0  3                       1292.43203
   70 V= 2 J= 4  0  4                       1061.52090
  129 V= 2 J= 5  0  5                       1062.10616
  152 V= 2 J= 6  0  6                       1317.35589
  235 V= 2 J= 7  0  7                       1326.66970
  266 V= 2 J= 8  0  8                       1337.20101
  373 V= 2 J= 9  0  9                        707.37175
  412 V= 2 J=10  0 10                       1361.89535
  543 V= 2 J=11  0 11                       1376.05742
  590 V= 2 J=12  0 12                       1391.43296
  745 V= 2 J=13  0 13                       1408.02617
  800 V= 2 J=14  0 14                       1425.84098
  979 V= 2 J=15  0 15                       1444.87934
 1042 V= 2 J=16  0 16                       1465.14122
 1245 V= 2 J=17  0 17                       1486.59431
 1246 V= 2 J=17  1 17                       1486.59335
