   21  1294.71961   100    2  1  2
   56  1298.65570   100    3  1  3
   71  1303.89196   100    4  1  4
  130  1310.42031   100    5  1  5
  153  1318.22866   100    6  1  6
  236  1327.31302   100    7  1  7
  267  1337.65942   100    8  1  8
  374  1349.26031   100    9  1  9
  413  1362.10713   100   10  1 10
  544  1376.19791   100   11  1 11
  591  1391.52503   100   12  1 12
  746  1408.08659   100   13  1 13
  801  1425.88272   100   14  1 14
  980  1444.91556   100   15  1 15
 1043  1465.14139   100   16  1 16
 1246  1486.59302   100   17  1 17
 1317  1509.29834   100   18  1 18
 1316  1509.28770   100   18  0 18
 1317  1509.29793   100   18  1 18
 1543  1533.22131   100   19  0 19
 1544  1533.22488   100   19  1 19
 1622  1558.37530   100   20  0 20
 1623  1558.37741   100   20  1 20
 1873  1584.75014   100   21  0 21
 1874  1584.75000   100   21  1 21
 1960  1612.34897   100   22  0 22
 1961  1612.34998   100   22  1 22
 2235  1641.17163   100   23  0 23
 2236  1641.17358   100   23  1 23
 2330  1671.21824   100   24  0 24
 2331  1671.21807   100   24  1 24
 2629  1702.48823   100   25  0 25
 2630  1702.48697   100   25  1 25
 2732  1734.98166   100   26  0 26
 2733  1734.98212   100   26  1 26
 3055  1768.69701   100   27  0 27
 3056  1768.69708   100   27  1 27
 3166  1803.63478   100   28  0 28
 3167  1803.63406   100   28  1 28
 3513  1839.79594   100   29  0 29
 3514  1839.79549   100   29  1 29
 3632  1877.17695   100   30  0 30
 3633  1877.17768   100   30  1 30
 4003  1915.78096   100   31  0 31
 4004  1915.78150   100   31  1 31
 4130  1955.60638   100   32  0 32
 4131  1955.60595   100   32  1 32
 4525  1996.65189   100   33  0 33
 4526  1996.65183   100   33  1 33
 4660  2038.91743   100   34  0 34
 4661  2038.91839   100   34  1 34
 5079  2082.40373   100   35  0 35
 5080  2082.40377   100   35  1 35
 5222  2127.11019   100   36  0 36
 5223  2127.10936   100   36  1 36
 5665  2173.03513   100   37  0 37
 5666  2173.03613   100   37  1 37
 5816  2220.18031   100   38  0 38
 5817  2220.18030   100   38  1 38
 6283  2268.54257   100   39  0 39
 6284  2268.54257   100   39  1 39
 6442  2318.12400   100   40  0 40
 6443  2318.12400   100   40  1 40
 6933  2368.92202   100   41  0 41
 6934  2368.92202   100   41  1 41
 7100  2420.93512   100   42  0 42
 7101  2420.93565   100   42  1 42
 7615  2474.16986   100   43  0 43
 7616  2474.16986   100   43  1 43
